labels 1 -1
1 0.953951 0.0460493
-1 0.306411 0.693589
-1 0.189583 0.810417
1 0.934135 0.0658646
-1 0.169696 0.830304
1 0.537665 0.462335
1 0.694913 0.305087
1 0.939026 0.0609738
1 0.948546 0.0514541
1 0.947898 0.0521017
1 0.643887 0.356113
1 0.877524 0.122476
-1 0.14445 0.85555
-1 0.22958 0.77042
-1 0.211038 0.788962
-1 0.134173 0.865827
1 0.964705 0.035295
1 0.857683 0.142317
-1 0.158588 0.841412
-1 0.138408 0.861592
1 0.981916 0.0180837
-1 0.110953 0.889047
-1 0.19457 0.80543
-1 0.161311 0.838689
-1 0.0438663 0.956134
-1 0.0301995 0.9698
-1 0.306523 0.693477
-1 0.0470395 0.952961
1 0.748405 0.251595
-1 0.0569478 0.943052
1 0.782856 0.217144
1 0.767427 0.232573
-1 0.0163402 0.98366
1 0.968985 0.031015
1 0.915428 0.0845718
1 0.877365 0.122635
1 0.937543 0.0624575
-1 0.0922451 0.907755
-1 0.087552 0.912448
-1 0.223694 0.776306
-1 0.443561 0.556439
-1 0.0551406 0.944859
-1 0.139749 0.860251
-1 0.0445375 0.955463
-1 0.392335 0.607665
-1 0.0832176 0.916782
1 0.720579 0.279421
-1 0.357504 0.642496
1 0.931605 0.0683949
1 0.955622 0.0443783
1 0.773117 0.226883
-1 0.0134376 0.986562
-1 0.0641039 0.935896
-1 0.0600692 0.939931
-1 0.0319595 0.968041
-1 0.0147642 0.985236
1 0.886603 0.113397
-1 0.0179533 0.982047
-1 0.318061 0.681939
1 0.737616 0.262384
-1 0.291681 0.708319
1 0.512849 0.487151
-1 0.067781 0.932219
-1 0.00771044 0.99229
-1 0.198037 0.801963
1 0.958514 0.0414858
-1 0.446768 0.553232
-1 0.0546587 0.945341
-1 0.077806 0.922194
-1 0.0718651 0.928135
1 0.916539 0.0834611
-1 0.105132 0.894868
-1 0.169012 0.830988
-1 0.143165 0.856835
-1 0.23324 0.76676
1 0.987893 0.012107
1 0.583019 0.416981
-1 0.011012 0.988988
-1 0.0283881 0.971612
-1 0.0374001 0.9626
1 0.897348 0.102652
1 0.763231 0.236769
1 0.901451 0.0985493
-1 0.236394 0.763606
1 0.740603 0.259397
-1 0.168977 0.831023
-1 0.0465846 0.953415
1 0.617384 0.382616
-1 0.00956444 0.990436
1 0.861325 0.138675
-1 0.106915 0.893085
-1 0.107629 0.892371
1 0.962631 0.037369
1 0.820201 0.179799
1 0.798005 0.201995
1 0.802881 0.197119
-1 0.47848 0.52152
1 0.601702 0.398298
-1 0.161402 0.838598
-1 0.0108351 0.989165
-1 0.0252464 0.974754
1 0.515018 0.484982
-1 0.050298 0.949702
1 0.969406 0.0305939
1 0.906747 0.0932535
1 0.7195 0.2805
-1 0.237538 0.762462
1 0.87009 0.12991
1 0.832861 0.167139
-1 0.0175069 0.982493
1 0.530585 0.469415
-1 0.0321786 0.967821
-1 0.155084 0.844916
-1 0.00993804 0.990062
-1 0.0344088 0.965591
-1 0.0199184 0.980082
1 0.639285 0.360715
1 0.95826 0.0417399
-1 0.0457209 0.954279
1 0.895085 0.104915
1 0.896505 0.103495
1 0.932649 0.0673505
1 0.956999 0.0430007
-1 0.0999877 0.900012
1 0.582323 0.417677
-1 0.077331 0.922669
1 0.970167 0.0298334
-1 0.0798002 0.9202
-1 0.104574 0.895426
1 0.781814 0.218186
-1 0.473467 0.526533
1 0.724128 0.275872
-1 0.153067 0.846933
1 0.930973 0.0690266
1 0.536822 0.463178
-1 0.26683 0.73317
-1 0.0785176 0.921482
1 0.624602 0.375398
-1 0.00600107 0.993999
1 0.653294 0.346706
1 0.957083 0.0429171
-1 0.304768 0.695232
1 0.629178 0.370822
-1 0.22467 0.77533
1 0.576019 0.423981
1 0.969142 0.0308584
-1 0.2774 0.7226
1 0.879345 0.120655
1 0.82939 0.17061
-1 0.0622443 0.937756
-1 0.0540729 0.945927
-1 0.0410676 0.958932
-1 0.0366498 0.96335
-1 0.484821 0.515179
-1 0.0564151 0.943585
-1 0.00700597 0.992994
1 0.938285 0.0617149
-1 0.0709627 0.929037
-1 0.233439 0.766561
1 0.774494 0.225506
-1 0.189349 0.810651
-1 0.261108 0.738892
-1 0.0495361 0.950464
1 0.981878 0.018122
-1 0.370895 0.629105
-1 0.226976 0.773024
-1 0.0791669 0.920833
-1 0.206821 0.793179
-1 0.306048 0.693952
-1 0.0739791 0.926021
-1 0.134629 0.865371
1 0.966044 0.0339562
1 0.90761 0.0923895
-1 0.144766 0.855234
-1 0.0239982 0.976002
-1 0.495723 0.504277
1 0.986821 0.0131785
-1 0.230376 0.769624
1 0.759796 0.240204
-1 0.0858457 0.914154
-1 0.202195 0.797805
1 0.919861 0.0801394
1 0.538453 0.461547
-1 0.14977 0.85023
-1 0.423539 0.576461
-1 0.18369 0.81631
1 0.954594 0.0454058
1 0.754932 0.245068
-1 0.226652 0.773348
1 0.924427 0.075573
-1 0.219669 0.780331
1 0.933506 0.0664938
-1 0.134539 0.865461
1 0.743761 0.256239
-1 0.123886 0.876114
-1 0.0474335 0.952567
-1 0.181751 0.818249
-1 0.0383291 0.961671
-1 0.0467047 0.953295
1 0.930009 0.0699907
1 0.535949 0.464051
1 0.888471 0.111529
1 0.955671 0.0443293
1 0.676196 0.323804
1 0.963582 0.0364183
-1 0.0643424 0.935658
-1 0.0439524 0.956048
1 0.717866 0.282134
1 0.715012 0.284988
-1 0.186399 0.813601
-1 0.362094 0.637906
-1 0.118869 0.881131
-1 0.0323703 0.96763
1 0.99101 0.00899029
-1 0.0420579 0.957942
-1 0.0195807 0.980419
-1 0.055046 0.944954
1 0.554023 0.445977
1 0.595023 0.404977
-1 0.0321615 0.967838
1 0.903999 0.0960015
1 0.935045 0.0649553
-1 0.119645 0.880355
1 0.964459 0.0355409
-1 0.041019 0.958981
-1 0.211623 0.788377
-1 0.480502 0.519498
-1 0.470133 0.529867
-1 0.00633449 0.993666
-1 0.11546 0.88454
1 0.736773 0.263227
1 0.583215 0.416785
-1 0.204463 0.795537
1 0.798839 0.201161
1 0.917205 0.0827951
1 0.976377 0.023623
-1 0.112663 0.887337
1 0.894471 0.105529
-1 0.180076 0.819924
-1 0.03675 0.96325
1 0.768259 0.231741
-1 0.135915 0.864085
-1 0.1918 0.8082
1 0.727004 0.272996
-1 0.148564 0.851436
1 0.856917 0.143083
1 0.857593 0.142407
-1 0.0498683 0.950132
-1 0.360545 0.639455
1 0.983904 0.0160961
1 0.838114 0.161886
-1 0.0593459 0.940654
-1 0.42625 0.57375
-1 0.103401 0.896599
-1 0.059849 0.940151
-1 0.104326 0.895674
-1 0.215418 0.784582
1 0.916598 0.0834018
-1 0.126373 0.873627
-1 0.200107 0.799893
-1 0.0223423 0.977658
1 0.981499 0.0185012
-1 0.149171 0.850829
-1 0.0407825 0.959218
-1 0.279602 0.720398
-1 0.2117 0.7883
-1 0.115677 0.884323
-1 0.055372 0.944628
1 0.596765 0.403235
1 0.982968 0.0170324
